function [x,y,ien] =boundary() 
ien = [4 8 9 7
7 9 6 2
8 3 5 9
9 5 1 6
];
x = [1.0000000000000000  
0.0000000000000000  
1.0000000000000000  
0.0000000000000000  
1.0000000000000000  
0.5000000000000000  
0.0000000000000000  
0.5000000000000000  
0.5000000000000000  
];
y = [1.0000000000000000  
1.0000000000000000  
0.0000000000000000  
0.0000000000000000  
0.5000000000000000  
1.0000000000000000  
0.5000000000000000  
0.0000000000000000  
0.5000000000000000  
];
end 
