function [x,y,ien] =boundary() 
ien = [68 43 69
17 12 68
69 1 17
69 17 68
69 43 70
7 1 69
70 6 7
70 7 69
71 44 72
68 12 71
72 43 68
72 68 71
73 45 74
26 21 73
74 2 26
74 26 73
74 45 75
13 2 74
75 10 13
75 13 74
76 46 77
31 4 76
77 28 31
77 31 76
78 46 76
42 38 78
76 4 42
76 42 78
79 47 80
22 3 79
80 19 22
80 22 79
81 47 79
35 30 81
79 3 35
79 35 81
82 48 83
39 5 82
83 36 39
83 39 82
84 48 82
8 6 84
82 5 8
82 8 84
85 49 86
15 9 85
86 11 15
86 15 85
87 10 75
88 49 87
75 45 88
75 88 87
87 49 85
14 10 87
85 9 14
85 14 87
89 50 90
24 18 89
90 20 24
90 24 89
90 50 91
25 20 90
91 21 25
91 25 90
92 51 93
41 37 92
93 38 41
93 41 92
93 51 94
78 38 93
94 46 78
94 78 93
95 52 96
33 27 95
96 29 33
96 33 95
97 54 98
89 18 97
98 50 89
98 89 97
99 19 80
100 54 99
80 47 100
80 100 99
99 54 97
23 19 99
97 18 23
97 23 99
101 36 83
102 55 101
83 48 102
83 102 101
101 55 103
40 36 101
103 37 40
103 40 101
103 55 104
92 37 103
104 51 92
104 92 103
105 56 106
95 27 105
106 52 95
106 95 105
107 28 77
108 56 107
77 46 108
77 108 107
107 56 105
32 28 107
105 27 32
105 32 107
109 29 96
110 57 109
96 52 110
96 110 109
111 57 112
100 47 111
112 54 100
112 100 111
109 57 113
34 29 109
113 30 34
113 34 109
113 57 111
81 30 113
111 47 81
111 81 113
114 44 116
115 58 114
116 53 115
116 115 114
117 60 118
108 46 117
118 56 108
118 108 117
117 46 94
119 60 117
94 51 119
94 119 117
120 48 122
121 61 120
122 58 121
122 121 120
120 61 123
102 48 120
123 55 102
123 102 120
124 62 125
115 53 124
125 58 115
125 115 124
125 62 126
121 58 125
126 61 121
126 121 125
127 63 128
110 52 127
128 57 110
128 110 127
129 50 98
130 64 129
98 54 130
98 130 129
131 64 133
132 59 131
133 63 132
133 132 131
134 57 128
133 64 134
128 63 133
128 133 134
130 54 112
134 64 130
112 57 134
112 134 130
135 55 123
136 65 135
123 61 136
123 136 135
137 65 138
119 51 137
138 60 119
138 119 137
137 51 104
135 65 137
104 55 135
104 135 137
139 59 132
140 65 139
132 63 140
132 140 139
138 65 140
141 60 138
140 63 141
140 141 138
142 66 143
88 45 142
143 49 88
143 88 142
143 66 145
144 49 143
145 53 144
145 144 143
145 66 146
124 53 145
146 62 124
146 124 145
147 59 148
146 66 147
148 62 146
148 146 147
149 50 129
150 67 149
129 64 150
129 150 149
151 67 152
142 45 151
152 66 142
152 142 151
153 48 84
70 43 153
84 6 70
84 70 153
154 58 122
153 43 154
122 48 153
122 153 154
154 43 72
114 58 154
72 44 114
72 114 154
155 21 91
149 67 155
91 50 149
91 149 155
155 67 151
73 21 155
151 45 73
151 73 155
156 44 71
16 11 156
71 12 16
71 16 156
157 60 141
127 52 157
141 63 127
141 127 157
157 52 106
118 60 157
106 56 118
106 118 157
158 59 139
136 61 158
139 65 136
139 136 158
158 61 126
148 59 158
126 62 148
126 148 158
159 59 147
152 67 159
147 66 152
147 152 159
159 67 150
131 59 159
150 64 131
150 131 159
160 53 116
156 11 160
116 44 156
116 156 160
160 11 86
144 53 160
86 49 144
86 144 160
];
x = [0.0000000000000000  
1.0000000000000000  
1.0000000000000000  
0.0000000000000000  
-0.0000000000000000  
0.0000000000000000  
0.0000000000000000  
-0.0000000000000000  
0.5997990000000000  
0.7998050000000000  
0.3997940000000000  
0.1998970000000000  
0.8999020000000000  
0.6998020000000000  
0.4997970000000000  
0.2998450000000000  
0.0999480000000000  
1.0000000000000000  
1.0000000000000000  
1.0000000000000000  
1.0000000000000000  
1.0000000000000000  
1.0000000000000000  
1.0000000000000000  
1.0000000000000000  
1.0000000000000000  
0.4001670000000000  
0.2001950000000000  
0.6001210000000000  
0.8000610000000000  
0.1000980000000000  
0.3001810000000000  
0.5001440000000000  
0.7000910000000000  
0.9000300000000000  
-0.0000000000000000  
-0.0000000000000000  
-0.0000000000000000  
-0.0000000000000000  
-0.0000000000000000  
-0.0000000000000000  
-0.0000000000000000  
0.1491380000000000  
0.2897630000000000  
0.7896730000000000  
0.1656730000000000  
0.8659230000000000  
0.1178730000000000  
0.6003280000000000  
0.8630020000000000  
0.1584980000000000  
0.4696760000000000  
0.4301360000000000  
0.8473600000000000  
0.1489290000000000  
0.3114460000000000  
0.6805460000000000  
0.2698510000000000  
0.5064440000000000  
0.3208040000000000  
0.2966460000000000  
0.4172310000000000  
0.4962860000000000  
0.6806990000000001  
0.3212680000000000  
0.5818400000000000  
0.7472299999999999  
0.1745170000000000  
0.0745690000000000  
0.0745690000000000  
0.2448300000000000  
0.2194500000000000  
0.8948370000000000  
0.8948370000000000  
0.7947390000000000  
0.0828370000000000  
0.1829340000000000  
0.0828370000000000  
0.9329610000000000  
0.9329610000000000  
0.8329920000000000  
0.0589370000000000  
0.0589370000000000  
0.0589370000000000  
0.6000640000000000  
0.5000610000000000  
0.7000660000000000  
0.6950010000000000  
0.9315010000000000  
0.9315010000000000  
0.9315010000000000  
0.0792490000000000  
0.0792490000000000  
0.1620850000000000  
0.4349210000000000  
0.5348980000000000  
0.9236799999999999  
0.8551810000000000  
0.9236799999999999  
0.8566410000000000  
0.0744650000000000  
0.1334010000000000  
0.0744650000000000  
0.1537130000000000  
0.3558060000000000  
0.3905610000000000  
0.2558210000000000  
0.2385590000000000  
0.6403340000000000  
0.5751110000000000  
0.7732340000000000  
0.7639530000000000  
0.7403030000000000  
0.2798070000000000  
0.3499940000000000  
0.3599500000000000  
0.2432380000000000  
0.3161250000000000  
0.2396510000000000  
0.2072600000000000  
0.2832480000000000  
0.1938620000000000  
0.2227880000000000  
0.4236840000000000  
0.3435410000000000  
0.3569380000000000  
0.4829810000000000  
0.5884160000000001  
0.7718500000000000  
0.7640290000000000  
0.5935710000000000  
0.5013649999999999  
0.5884920000000000  
0.6806219999999999  
0.2350980000000000  
0.3089570000000000  
0.2398830000000000  
0.3210360000000000  
0.4138560000000000  
0.4087770000000000  
0.4085450000000000  
0.6857569999999999  
0.5910840000000001  
0.5152320000000000  
0.5059880000000000  
0.4995360000000000  
0.5441420000000000  
0.4618370000000000  
0.8051160000000001  
0.7139640000000000  
0.7684520000000000  
0.6645350000000000  
0.1335060000000000  
0.2094940000000000  
0.8736150000000000  
0.3447790000000000  
0.3952400000000000  
0.4015450000000000  
0.6268370000000000  
0.4149650000000000  
];
